,09,,08,45,288,,25,41,217B
$GPGSV,2,2,08,0
3,24,069,,28,22,309,,19,51,045,,22,09,049,*72
$GPRMC,100617.006,V,,,,,,,261007,,,N*48

$GPGGA,100618.006,,,,,0,00,50.0,,M,,M,,0000*6B
$GPGSA,A,1,,,,,,,,,,,,,50.0,50.0,50.0*05
$GPGSV,2,1,08,11,64,203,,27,47,249,,08,45,288,,25,41,219,*7B
$GPGSV,2,2,08,03,24,069,,28,22,309,,19,51,045,,2
2,09,049,*72
$GPRMC,100618.006,V,,,,,,,261007,,,N*47

$GPGGA,100619.006,,,,,0,00,50.0,,M,,M,,0000*6A
$GPGSA,A,1,,,,,,,,,,,,,50.0,50.0,50.0*05
$GPGSV,2,1,08,11,64,203,,27,47,249,,08,45,288,,25,41,219,*7B
$GPGSV,2,2,08,03,24,069,,28,22,309,,19,51,045,,22,09,049,*72
$GPRMC,100619.006,V,,,,,,,261007,,
,N*46
$G
PGGA,100620.006,,,,,0,00,50.0,,M,,M,,0000*60
$GPGSA,A,1,,,,,,,,,,,,,50.0,50.0,50.0*05
$GPGSV,2,1,08,11,64,203,,27,47,249,,08,45,288,,25,41,219,*7B
$GPGSV,2,2,08,03,24,069,,28,22,309,,19,51,045,,22,09,049,*72
$GPRMC,100620.006,V,,,,,,,261007,,,N*4C

$GPGGA,100621.005,,,,,0,00,50.0,,M,,M,,0000*62
$GPGSA,A,1,,,,,,,,,,,,,50.0,50.0,50.0*05
$GPGSV,2,1,08,11,64,203,,
27,47,249,,08,45,288,,25,41,219,*7B
$GPGSV,2,2,08,03,24,069,,28,22,309,,19,51,045,,22,09,049,*72
$GPRMC,100621.005,V,,,,,,,261007,,,N*4E
$GPGGA,100622.005,,,,,0,00,50.0,,M,,M,,0000*61
$GPGSA,A,1,,,,,,,,,,,,,50.0,50.0,50.0*05
$GPGSV,2,1,08,11,64,203,,27,47,249,,08,45,288,,25,41,219,*7B
$GPGSV,2,2,08,03,24,069,,28,22,309,,19,51,045,,22,09,049,*72
$GPRMC,100622.005,V,,,,,,,261007,,,N*4D

$GPGGA,100623.005,,,,,0,00,50.0,,M,,M,,0000*60
$GPGSA,A,1,,,,,,,,,,,,,50.0,50.0,50.0*05
$GPGSV,2,1,08,11,64,203,,27,47,249,,08,45,288,,25,41,219,*7B
$GPGSV,2,2,08,03,24,069,,28,22,309,,19,51,045,,22,09,049,*72
$GPRMC,100623.005,V,,,,,,,261007,,,N*4C

$GPGGA,100624.005,,,,,0,00,50.0,,M,,M,,0000*67
$GPGSA,A,1,,,,,,,,,,,,,50.0,50.0,50.0*05
$GPGSV,2,1,08,11,64,203,,27,47,249,,08,45,288,,25,41,219,*7B
$GPGSV,2,2,08,03,24,069,,28,22,309,,19,51,045,,22,09,049,*72
$GPRMC,100624.005,V,,,,,,,261007,,,N*4B

$GPGGA,100625.005,,,,,0,00,50.0,,M,,M,,0000*66

$GPGSA,A,1,,,,,,,,,,,,,50.0,50.0,50.0*05
$GPGSV,2,1,08,11,64,203,,27,47,249,,08,45,288,,25,41,219,*7B
$GPGSV,2,2,08,03,24,069,,28,22,309,,19,51,045,,22,09,049,*72
$GPRMC,100625.005,V,,,,,,,261007,,,N*4A

$GPGGA,100626.005,,,,,0,00,50.0,,M,,M,,0000*65
$GPGSA,A,1,,,,,,,,,,,,,50.0,50.0,50.0*05
$GPGSV,2,1,08,11,64,203,,27,47,249,,08,45,288,,25,41,219,*7B
$GPGSV,2,
2,08,03,24,069,,28,22,309,,19,51,045,,22,09,049,*72
$GPRMC,100626.005,V,,,,,,,261007,,,N*49

$GPGGA,100627.005,,,,,0,00,50.0,,M,,M,,0000*64
$GPGSA,A,1,,,,,,,,,,,,,50.0,50.0,50.0*05
$GPGSV,2,1,08,11,64,203,,27,47,249,,08,45,288,,25,41,219,*7B
$GPGSV,2,2,08,03,24,069,,28,22,309,,19,51,045,,22,09,049,*72
$GPRMC,100627.005,V,,,,,,,261007,,,N*48

$GPGGA,100628.005,,,,,0,00,50.0,,M,,M,,0000*6B
$GPGSA,A,1,,,,,,,,,,,,,50.0,50.0,50.0*05
$GPGSV,2,1,08,11,64,203,,27,47,249,,08,45,288,,25,41,219,*7B
$GPGSV,2,2,08,03,24,069,,28,22,309,,19,51,045,,22,09,049,*72
$GPRMC,100628.005,V,,,
,,,,261007,,,N*47

$GPGGA,100629.005,,,,,0,00,50.0,,M,,M,,0000*6A
$GPGSA,A,1,,,,,,,,,,,,,50.0,50.0,50.0*05
$GPGSV,2,1,08,11,64,203,,27,47,249,,08,45,288,,25,41,219,*7B
$GPGSV,2,2,08,03,24,069,,28,22,309,,19,51,045,,22,09,049,*72
$GPRMC,100629.005,V,,,,,,,261007,,,N*46

$
GPGGA,100630.005,,,,,0,00,50.0,,M,,M,,0000*62
$GPGSA,A,1,,,,,,,,,,,,,50.0,50.0,50.0*05
$GPGSV,2,1,08,11,64,203,,27,47,249,,08,45,288,,25,41,219,*7B
$GPGSV,2,2,08,03,24,069,,28,22,309,,19,51,045,,22,09,049,*72
$GPRMC,100630.005,V,,,,,,,261007,,,N*4E

$GPGGA,100631.005,,,,,0,00,50.0,,M,,M,,0000*63
$GPGSA,A,1,,,,,,,,,,,,,50.0,50.0,50.0*05
$GPGSV,2,1,08,11,64,203,,27,47,249,,08,45,288,,25,41,219,*7B
$GPGSV,2,2,08,03,24,069,,28,22,309,,19,
51,045,,22,09,049,*72
$GPRMC,100631.005,V,,,,,,,261007,,,N*4F

$GPGGA,100632.005,,,,,0,00,50.0,,M,,M,,0000*60
$GPGSA,A,1,,,,,,,,,,,,,50.0,50.0,50.0*05
$GPGSV,2,1,08,11,64,203,,27,47,249,,08,45,288,,25,41,219,*7B
$GPGSV,2,2,08,03,24,069,,28,22,309,,19,51,045,,22,09,049,*72
$GPRMC,100632.005,V,,,,,,,261007,,,N*4C

$
GPGGA,100633.005,,,,,0,00,50.0,,M,,M,,0000*61
$GPGSA,A,1,,,,,,,,,,,,,50.0,50.0,50.0*05
$GPGSV,2,1,08,11,64,203,,27,47,249,,08,45,288,,25,41,219,*7B
$GPGSV,2,2,08,03,24,069,,28,22,309,,19,51,045,,22,09,049,*72
$GPRMC,100633.005,V,,,,,,,261007,,,N*4D

$GPGGA,100634.005,,,,,0,00,50.0,,M,,M,,0000*
66
$GPGSA,A,1,,,,,,,,,,,,,50.0,50.0,50.0*05
$GPGSV,2,1,08,11,64,203,,27,47,249,,08,45,288,,25,41,219,*7B
$GPGSV,2,2,08,03,24,069,,28,22,309,,19,51,045,,22,09,049,*72
$GPRMC,100634.005,V,,,,,,,261007,,,N*4A

$GPGGA,100635.005,,,,,0,00,50.0,,M,,M,,0000*67
$GPGSA,A,1,,,,,,,,,,,,,50.0,50.0,50.0*05
$GPGSV,2,1,
08,11,64,203,,27,47,249,,08,45,288,,25,41,219,*7B
$GPGSV,2,2,08,03,24,069,,28,22,309,,19,51,045,,22,09,049,*72
$GPRMC,100635.005,V,,,,,,,261007,,,N*4B

$GPGGA,100636.005,,,,,0,00,50.0,,M,,M,,0000*64
$GPGSA,A,1,,,,,,,,,,,,,50.0,50.0,50.0*05
$GPGSV,2,1,08,11,64,203,,27,47,249,,08,45,288,,25,41,219,*
7B
$GPGSV,2,2,08,03,24,069,,28,22,309,,19,51,045,,22,09,049,*72
$GPRMC,100636.005,V,,,,,,,261007,,,N*48

$GPGGA,100637.004,,,,,0,00,50.0,,M,,M,,0000*64
$GPGSA,A,1,,,,,,,,,,,,,50.0,50.0,50.0*05
$GPGSV,2,1,08,11,64,203,,27,47,249,,08,45,288,,25,41,219,*7B
$GPGSV,2,2,08,03,24,069,,28,22,309,,19,51,045,
,22,09,049,*72
$GPRMC,100637.004,V,,,,,,,261007,,,N*48

$GPGGA,100638.004,,,,,0,00,50.0,,M,,M,,0000*6B
$GPGSA,A,1,,,,,,,,,,,,,50.0,50.0,50.0*05
$GPGSV,2,1,08,11,64,203,,27,47,249,,08,45,288,,25,41,219,*7B
$GPGSV,2,2,08,03,24,069,,28,22,309,,19,51,045,,22,09,049,*72
$GPRMC,100638.004,V,,,,,,,261007,,,N*47

$
GPGGA,100639.004,,,,,0,00,50.0,,M,,M,,0000*6A
$GPGSA,A,1,,,,,,,,,,,,,50.0,50.0,50.0*05
$GPGSV,2,1,08,11,64,203,,27,47,249,,08,45,288,,25,41,219,*7B
$GPGSV,2,2,08,03,24,069,,28,22,309,,19,51,045,,22,09,049,*72
$GPRMC,100639.004,V,,,,,,,261007,,,N*46

$GPGGA,100640.004,,,,,0,00,50.0,,M,,M,,0000*64

$GPGSA,A,1,,,,,,,,,,,,,50.0,50.0,50.0*05
$GPGSV,2,1,08,11,64,203,,27,47,249,,08,45,288,,25,41,219,*7B
$GPGSV,2,2,08,03,24,069,,28,22,309,,19,51,045,,22,09,049,*72
$GPRMC,100640.004,V,,,,,,,261007,,,N*48

$GPGGA,100641.004,,,,,0,00,50.0,,M,,M,,0000*65
$GPGSA,A,1,,,,,,,,,,,,,50.0,50.0,50.0*05
$GPGSV,2,1,08,
